256.0 124.0 44 44 160707089003 

261.0 225.0 48 48 160707089393 

260.0 117.0 44 44 160707533560 

261.0 112.0 46 46 160707795007 

260.0 97.0 50 50 160709525865 

259.5 96.5 43 43 160709610032 

257.5 96.5 45 45 160709701595 

254.0 97.0 44 44 160709790731 

253.0 97.0 44 44 160709874870 

252.5 98.5 43 43 160709962313 

255.0 100.0 44 44 160710090376 

253.0 100.0 44 44 160710488075 

254.0 99.0 44 44 160710617364 

256.0 100.0 42 42 160710869055 

248.0 124.0 42 42 160711360713 

213.0 128.0 42 42 160711541181 

208.0 82.0 56 56 160711630525 

356.0 395.0 44 44 160712273719 

368.5 352.5 49 49 160712362409 

388.0 302.0 38 38 160712639231 

385.0 239.0 42 42 160712639633 

414.0 243.0 38 38 160713210900 

419.0 304.0 40 40 160713211236 

405.0 248.0 36 36 160713425112 

397.0 255.0 36 36 160713527813 

401.5 311.5 31 31 160713528152 

254.0 326.0 34 34 160714332744 

247.0 261.0 42 42 160714333297 

252.0 265.0 38 38 160714437391 

259.5 327.5 37 37 160714437734 

224.0 263.0 40 40 160714686599 

229.0 329.0 40 40 160714686901 

227.5 262.5 37 37 160714785496 

232.0 330.0 46 46 160714785804 

241.0 338.0 44 44 160715310149 

242.5 335.5 45 45 160715409127 

241.0 271.0 46 46 160715515309 

244.0 343.0 48 48 160715515559 

238.0 273.0 48 48 160715723303 

243.0 334.0 46 46 160715723591 

238.5 268.5 47 47 160715864330 

243.0 335.0 44 44 160715864858 

237.0 269.0 42 42 160717271167 

241.0 335.0 48 48 160717271430 

237.5 269.5 41 41 160717391108 

242.0 334.0 42 42 160717391386 

242.0 333.0 40 40 160718016384 

237.5 269.5 41 41 160718017007 

237.5 273.5 47 47 160718805450 

242.0 336.0 42 42 160718805955 

239.5 329.5 47 47 160718979053 

236.5 272.5 43 43 160718979784 

240.0 336.0 48 48 160719150253 

236.5 273.5 47 47 160719150740 

240.5 328.5 47 47 160719293637 

235.0 273.0 50 50 160719293885 

234.0 257.0 46 46 160721042315 

233.0 317.0 44 44 160721043834 

238.5 256.5 37 37 160721377358 

234.5 323.5 43 43 160721377754 

239.0 259.0 38 38 160721500974 

237.0 323.0 36 36 160721501242 

239.5 260.5 37 37 160721605970 

237.0 324.0 40 40 160721606224 

248.0 272.0 38 38 160722471849 

250.5 337.5 35 35 160722472492 

246.0 274.0 36 36 160722579482 

249.5 339.5 39 39 160722579859 

244.0 275.0 42 42 160722688939 

249.0 341.0 40 40 160722689237 

255.0 283.0 42 42 160722929332 

259.0 347.0 42 42 160722929641 

261.0 351.0 38 38 160723035991 

271.0 353.0 42 42 160723227816 

272.0 352.0 44 44 160723428657 

268.0 350.0 42 42 160723618865 

263.5 349.5 43 43 160725743222 

262.0 349.0 40 40 160727594141 

257.5 286.5 47 47 160727594405 

261.0 348.0 38 38 160727699768 

257.5 285.5 39 39 160727700036 

256.0 282.0 44 44 160728247168 

256.0 349.0 38 38 160728359572 

253.5 282.5 41 41 160728359878 

248.0 284.0 42 42 160728457472 

248.5 347.5 47 47 160728458132 

247.5 297.5 29 29 160728560818 

239.5 291.5 43 43 160728671967 

237.5 357.5 43 43 160728672423 

230.5 357.5 43 43 160728795726 

233.0 294.0 44 44 160728796141 

234.0 296.0 50 50 160728902655 

229.0 362.0 44 44 160728902924 

227.5 365.5 45 45 160729067163 

232.5 298.5 51 51 160729067456 

228.0 358.0 36 36 160729918597 

232.0 292.0 42 42 160729919174 

232.5 296.5 45 45 160730303577 

230.0 361.0 44 44 160730303935 

233.5 298.5 39 39 160730404539 

230.5 363.5 43 43 160730404785 

238.5 360.5 43 43 160731153565 

237.5 360.5 41 41 160731259553 

239.5 294.5 37 37 160731365812 

238.5 359.5 37 37 160731366103 

236.5 291.5 45 45 160732511336 

237.5 357.5 39 39 160732512802 

239.0 293.0 46 46 160734447358 

239.0 294.0 38 38 160734548753 

239.0 359.0 34 34 160734549026 

238.5 297.5 39 39 160734715110 

239.0 362.0 38 38 160734715420 

240.0 304.0 38 38 160734868244 

238.0 365.0 44 44 160734868668 

238.0 302.0 44 44 160735144922 

237.5 364.5 43 43 160735145511 

240.0 305.0 36 36 160735582512 

238.0 361.0 44 44 160735779249 

239.5 304.5 35 35 160735779587 

234.5 360.5 43 43 160737276729 

237.0 295.0 46 46 160737277100 

240.0 359.0 42 42 160737381697 

238.0 294.0 40 40 160737381978 

239.0 299.0 42 42 160737580002 

238.5 358.5 45 45 160737580283 

237.0 356.0 38 38 160738395804 

237.5 290.5 39 39 160738396091 

250.0 285.0 44 44 160738697333 

250.0 349.0 46 46 160738697626 

253.5 287.5 35 35 160738931544 

258.5 351.5 37 37 160738931842 

256.0 292.0 36 36 160739208638 

261.0 354.0 30 30 160739209168 

267.0 356.0 36 36 160739760492 

260.5 294.5 39 39 160739760802 

266.5 297.5 35 35 160739862361 

271.0 358.0 36 36 160739862639 

266.0 298.0 34 34 160740391340 

269.5 357.5 43 43 160740391691 

249.5 289.5 35 35 160740631891 

252.5 352.5 41 41 160740632155 

242.0 341.0 36 36 160741024132 

238.0 283.0 36 36 160741024452 

243.5 343.5 39 39 160741127761 

238.5 282.5 35 35 160741128108 

263.5 345.5 39 39 160742211024 

261.0 348.0 36 36 160742494198 

258.0 288.0 40 40 160742494462 

260.5 347.5 37 37 160742595134 

255.0 289.0 38 38 160742595432 

270.0 298.0 42 42 160744693211 

268.5 294.5 43 43 160744789585 

269.5 296.5 49 49 160744877471 

269.5 295.5 43 43 160744970147 

267.0 298.0 48 48 160745154003 

268.5 294.5 47 47 160745262143 

269.5 297.5 45 45 160745358805 

269.0 292.0 44 44 160745450446 

269.0 295.0 48 48 160745540290 

270.5 297.5 47 47 160745979325 

267.0 301.0 48 48 160746066722 

269.0 298.0 44 44 160746149485 

269.0 303.0 48 48 160746278976 

268.5 301.5 49 49 160746425356 

268.0 301.0 46 46 160746571156 

269.0 304.0 48 48 160746726466 

266.0 308.0 48 48 160746872314 

264.0 310.0 48 48 160747012738 

262.0 318.0 44 44 160747161748 

259.0 303.0 44 44 160747162384 

260.0 340.0 44 44 160750484939 

260.0 339.0 36 36 160750575287 

259.5 347.5 39 39 160750663570 

259.0 335.0 40 40 160750663819 

264.5 354.5 37 37 160752242434 

265.5 358.5 37 37 160752347373 

254.5 307.5 37 37 160752437238 

266.0 366.0 36 36 160752437510 

266.5 317.5 35 35 160753028851 

276.0 377.0 34 34 160753029086 

267.0 318.0 24 24 160753126393 

275.5 376.5 31 31 160753126631 

264.0 317.0 26 26 160754068474 

272.5 373.5 37 37 160754069705 

262.5 313.5 31 31 160755384166 

270.5 375.5 37 37 160755384425 

270.0 371.0 32 32 160755474581 

261.5 313.5 33 33 160755474848 

260.5 314.5 35 35 160755567328 

271.0 374.0 34 34 160755567602 

276.5 319.5 35 35 160757164270 

272.0 320.0 24 24 160757465334 

272.0 314.0 44 44 160757465592 

266.5 318.5 33 33 160757657575 

274.0 377.0 28 28 160757658004 

271.0 359.0 38 38 160801974265 

278.5 416.5 27 27 160801975480 

271.0 357.0 38 38 160802462063 

277.5 416.5 25 25 160802462295 

269.5 358.5 37 37 160802557296 

278.5 417.5 31 31 160802557534 

277.5 413.5 27 27 160802755873 

267.5 356.5 37 37 160802756136 

259.5 346.5 35 35 160803206892 

268.5 399.5 31 31 160803207176 

235.5 321.5 33 33 160803669381 

219.5 313.5 23 23 160804041477 

213.0 493.0 26 26 160805175850 

142.0 282.0 42 42 160805928130 

236.0 344.0 44 44 160807261726 

228.0 274.0 36 36 160807464747 

240.5 266.5 41 41 160807557125 

220.0 263.0 50 50 160807758107 

213.5 267.5 41 41 160807849598 

226.0 268.0 48 48 160807948805 

228.0 357.0 48 48 160807949077 

198.0 275.0 44 44 160819530222 

200.5 277.5 41 41 160819667377 

200.5 279.5 43 43 160819818117 

201.0 280.0 42 42 160819985862 

